% Graph saved at Wed Jan 07 2026 14:06:27 GMT+0100 (heure normale d’Europe centrale)
n 41.811708860759495 219.17476468873255 0
n 216.8117088607595 446.1165122615481 1
n 216.8117088607595 357.52427925183935 2
n 219.02689873417722 288.34952197028593 3
n 220.1344936708861 232.52427925183935 4
n 227.8876582278481 183.980589931451 5
n 227.8876582278481 106.31068701882965 6
n 225.67246835443038 52.912628766402456 7
n 219.02689873417722 -10.194167350102397 8
n 409.5332278481012 466.7475802227131 9
n 411.748417721519 396.35923070815005 10
n 417.2863924050633 288.34952197028593 12
n 420.6091772151899 233.73787148484905 13
n 429.46993670886076 183.980589931451 14
n 444.9762658227848 39.56311420329566 16
n 635.4825949367089 253.15534721300443 17
e 0 1 0 1 0
e 0 2 1 1 0
e 0 3 5 1 0
e 0 4 6 1 0
e 0 5 7 1 0
e 0 6 8 1 0
e 0 7 9 1 0
e 0 8 10 1 0
e 9 17 11 2 0
e 10 17 12 3 0
e 12 17 14 1 0
e 13 17 15 2 0
e 14 17 16 1 0
e 16 17 18 3 0
e 1 10 19 1 1
e 1 13 20 1 1
e 3 9 21 1 2
e 3 10 22 1 1
e 2 10 23 1 1
e 4 13 24 1 1
e 5 16 25 1 2
e 6 14 26 1 2
e 5 12 28 1 1
e 7 13 30 1 1
e 8 12 31 1 1
e 2 16 32 1 2
e 8 14 34 1 1
e 4 14 35 1 1
e 6 10 38 1 2
e 6 16 39 1 2
e 3 12 40 1 1
e 7 16 41 1 2
e 7 10 42 1 1
e 2 9 43 1 2