% Graph saved at Tue Nov 14 2023 14:50:14 GMT+0100 (heure normale d’Europe centrale)
n 217 221 0
n 403 214 1
n 118 460 2
n 645 217 3
n 402 449 4
n 245 286 5
n 580 154 6
n 448 57 7
n 146 174 8
n 453 305 9
e 0 5 0 343 25
e 5 0 1 343 25
e 1 6 2 954 59
e 6 1 3 954 59
e 1 5 4 879 43
e 5 1 5 879 43
e 2 5 6 1054 109
e 5 2 7 1054 109
e 2 4 8 1364 214
e 4 2 9 1364 214
e 3 6 10 433 103
e 6 3 11 433 103
e 4 5 12 1106 89
e 5 4 13 1106 89
e 8 0 14 464 45
e 0 8 15 464 45
e 7 1 16 811 79
e 7 0 17 1435 234
e 0 7 18 1435 234
e 1 7 19 811 79
e 6 7 20 837 74
e 7 6 21 837 74
e 9 4 22 766 42
e 4 9 23 766 42
e 9 3 24 1053 94
e 3 9 25 1053 94
e 9 1 26 524 45
e 1 9 27 524 45