% Graph saved at Tue Nov 14 2023 14:49:28 GMT+0100 (heure normale d’Europe centrale)
n 23.114583333333332 266.40625 0
n 177.11458333333331 436.64434523809524 1
n 175.94791666666666 268.7872023809524 2
n 329.9479166666667 269.97767857142856 3
n 483.9479166666667 437.83482142857144 4
n 481.6145833333333 335.45386904761904 5
n 175.94791666666666 130.69196428571428 6
n 646.1145833333333 268.7872023809524 7
e 3 5 0 8 10
e 3 4 1 20 12
e 4 5 2 1 24
e 2 3 3 26 16
e 1 4 4 13 1
e 1 3 5 10 8
e 0 2 6 1 14
e 0 1 7 38 9
e 1 2 8 8 7
e 4 7 9 7 2
e 5 7 10 7 4
e 3 7 11 1 9
e 6 7 12 27 7
e 3 6 13 24 5
e 0 6 14 2 2
e 4 2 15 2 3